ans =

 Columns 1 through 11:

    1.0000    1.0850    1.1700    1.2550    1.3400    1.4250    1.5100    1.5950    1.6800    1.7650    1.8500

 Columns 12 through 22:

    1.9350    2.0200    2.1050    2.1900    2.2750    2.3600    2.4450    2.5300    2.6150    2.7000    2.7850

 Columns 23 through 33:

    2.8700    2.9550    3.0400    3.1250    3.2100    3.2950    3.3800    3.4650    3.5500    3.6350    3.7200

 Columns 34 through 44:

    3.8050    3.8900    3.9750    4.0600    4.1450    4.2300    4.3150    4.4000    4.4850    4.5700    4.6550

 Columns 45 through 55:

    4.7400    4.8250    4.9100    4.9950    5.0800    5.1650    5.2500    5.3350    5.4200    5.5050    5.5900

 Columns 56 through 66:

    5.6750    5.7600    5.8450    5.9300    6.0150    6.1000    6.1850    6.2700    6.3550    6.4400    6.5250

 Columns 67 through 77:

    6.6100    6.6950    6.7800    6.8650    6.9500    7.0350    7.1200    7.2050    7.2900    7.3750    7.4600

 Columns 78 through 88:

    7.5450    7.6300    7.7150    7.8000    7.8850    7.9700    8.0550    8.1400    8.2250    8.3100    8.3950

 Columns 89 through 99:

    8.4800    8.5650    8.6500    8.7350    8.8200    8.9050    8.9900    9.0750    9.1600    9.2450    9.3300

 Columns 100 through 110:

    9.4150    9.5000    9.5850    9.6700    9.7550    9.8400    9.9250   10.0100   10.0950   10.1800   10.2650

 Columns 111 through 121:

   10.3500   10.4350   10.5200   10.6050   10.6900   10.7750   10.8600   10.9450   11.0300   11.1150   11.2000

 Columns 122 through 132:

   11.2850   11.3700   11.4550   11.5400   11.6250   11.7100   11.7950   11.8800   11.9650   12.0500   12.1350

 Columns 133 through 143:

   12.2200   12.3050   12.3900   12.4750   12.5600   12.6450   12.7300   12.8150   12.9000   12.9850   13.0700

 Columns 144 through 154:

   13.1550   13.2400   13.3250   13.4100   13.4950   13.5800   13.6650   13.7500   13.8350   13.9200   14.0050

 Columns 155 through 165:

   14.0900   14.1750   14.2600   14.3450   14.4300   14.5150   14.6000   14.6850   14.7700   14.8550   14.9400

 Columns 166 through 176:

   15.0250   15.1100   15.1950   15.2800   15.3650   15.4500   15.5350   15.6200   15.7050   15.7900   15.8750

 Columns 177 through 187:

   15.9600   16.0450   16.1300   16.2150   16.3000   16.3850   16.4700   16.5550   16.6400   16.7250   16.8100

 Columns 188 through 198:

   16.8950   16.9800   17.0650   17.1500   17.2350   17.3200   17.4050   17.4900   17.5750   17.6600   17.7450

 Columns 199 through 201:

   17.8300   17.9150   18.0000

